      0/49      6.5G   0.06669   0.01076   0.01164   0.08909        62       640    0.4298   0.02972  0.005869  0.001875    0.1139   0.01044   0.04722
      1/49      6.9G   0.05568  0.009177  0.006655   0.07151        72       640     0.368     0.163   0.09379   0.02669   0.07912   0.01158   0.01542
      2/49      6.9G   0.05188  0.008647  0.006045   0.06658        71       640    0.8285     0.277    0.3298    0.1712    0.0529  0.007811  0.007824
      3/49      6.9G   0.05105   0.00831  0.005752   0.06511        66       640    0.6782    0.2785    0.2798    0.1212   0.05491  0.008563   0.01194
      4/49      6.9G    0.0495  0.008247  0.005096   0.06285        70       640    0.8425    0.3041    0.3711    0.1773   0.05056  0.009049  0.008634
      5/49      6.9G   0.04794  0.007866  0.004937   0.06074        60       640    0.5902     0.324     0.344    0.1635    0.0438  0.007488  0.006861
      6/49      6.9G   0.04687  0.007571   0.00473   0.05917        55       640    0.7319    0.4153    0.4531    0.2082   0.04652  0.007116  0.005806
      7/49      6.9G   0.04626  0.007363  0.004245   0.05786        76       640    0.6495     0.428    0.4499    0.2154   0.04669  0.006602   0.00703
      8/49      6.9G   0.04519  0.007555  0.003834   0.05658        49       640    0.5413    0.5124    0.4309    0.1761   0.04413  0.006461  0.005164
      9/49      6.9G   0.04313  0.007438  0.003578   0.05415        50       640    0.7437    0.3807    0.4609     0.216   0.04275  0.006624  0.004329
     10/49      6.9G   0.04493  0.007294  0.004586   0.05681        65       640    0.4845    0.5358    0.4765    0.2216   0.04256  0.007674  0.004697
     11/49      6.9G   0.04452   0.00728   0.00354   0.05534        56       640    0.5018    0.5452    0.5532    0.2486   0.04306  0.006976  0.003927
     12/49      6.9G   0.04334  0.007125  0.003412   0.05388        53       640    0.6843    0.4806    0.5148    0.2423   0.04117  0.006111   0.00385
     13/49      6.9G   0.04367  0.007145  0.003632   0.05445        71       640    0.6092    0.5705    0.6038     0.272   0.04255  0.006584  0.003681
     14/49      6.9G   0.04212  0.006882  0.003562   0.05256        66       640    0.6719    0.6401    0.6444    0.3167   0.03912   0.00618  0.002818
     15/49      6.9G   0.04102  0.006896     0.003   0.05092        52       640     0.594    0.6475    0.6769    0.3201   0.03836  0.006168  0.002107
     16/49      6.9G   0.04116  0.006741  0.002632   0.05053        67       640    0.7553    0.5781    0.6179    0.2968   0.04082  0.005598   0.00172
     17/49      6.9G   0.03937  0.006866   0.00298   0.04922        73       640     0.629    0.6252    0.6163    0.3084   0.03711  0.005885  0.002608
     18/49      6.9G   0.03969  0.006535  0.002645   0.04887        66       640    0.6525    0.6796     0.668    0.3429   0.03839  0.005999  0.001455
     19/49      6.9G   0.03931  0.006488  0.002693   0.04849        62       640    0.7188    0.5081    0.6318    0.3049     0.038  0.006116  0.001681
     20/49      6.9G   0.03901  0.006465  0.002391   0.04787        68       640    0.7508     0.587    0.6906    0.3266   0.03786  0.005515  0.001404
     21/49      6.9G   0.03837  0.006534  0.002285   0.04719        73       640    0.7968    0.6349    0.6786     0.341   0.03909  0.005718  0.001103
     22/49      6.9G    0.0388   0.00652  0.002508   0.04783        68       640    0.7878     0.578    0.6302    0.3386   0.03675  0.005937  0.001538
     23/49      6.9G   0.03893  0.006261  0.002478   0.04767        57       640    0.7468    0.6097    0.6778    0.3412   0.03646  0.005559  0.001737
     24/49      6.9G   0.03746  0.006427   0.00232    0.0462        66       640    0.7842    0.5563    0.7411    0.3685   0.03646  0.005932   0.00124
     25/49      6.9G   0.03676  0.006158  0.002137   0.04505        57       640     0.692    0.7467    0.7802    0.3867   0.03693  0.005542  0.001023
     26/49      6.9G   0.03718  0.005995  0.002006   0.04518        70       640    0.8233     0.651    0.7566    0.3967   0.03545  0.005388  0.001064
     27/49      6.9G   0.03616  0.006206  0.002114   0.04448        67       640    0.7411    0.6517    0.7226    0.3661   0.03439  0.005443 0.0009965
     28/49      6.9G   0.03573  0.006072  0.002025   0.04383        67       640    0.7659    0.6762    0.7096    0.3572   0.03665  0.005286 0.0007393
     29/49      6.9G   0.03497  0.005894  0.002093   0.04295        50       640    0.7729    0.7142    0.7461    0.3495   0.03511  0.005376  0.001355
     30/49      6.9G   0.03519  0.005796  0.001911    0.0429        68       640    0.6475    0.7876    0.7762    0.3938   0.03371  0.005237 0.0008794
     31/49      6.9G    0.0355  0.006151  0.001704   0.04335        73       640    0.8016    0.7138    0.7796    0.3748   0.03425  0.005533 0.0007551
     32/49      6.9G   0.03456  0.005556  0.001698   0.04181        76       640    0.7808    0.7291    0.7847    0.4052   0.03374  0.004934 0.0008249
     33/49      6.9G   0.03355  0.005624   0.00157   0.04075        68       640    0.7991    0.6862    0.7507    0.4031    0.0333  0.005028  0.000701
     34/49      6.9G   0.03258  0.005628  0.001659   0.03987        71       640    0.8733    0.7017    0.8006    0.4353     0.032  0.005032 0.0006105
     35/49      6.9G   0.03303  0.005579  0.001684   0.04029        63       640     0.757    0.7408    0.7788    0.4272   0.03142   0.00492 0.0005552
     36/49      6.9G   0.03252  0.005508  0.002029   0.04006        81       640    0.9112    0.6777    0.7922    0.4304   0.03124   0.00472 0.0005804
     37/49      6.9G   0.03239  0.005382  0.001521   0.03929        92       640    0.7858    0.7667    0.7964    0.4135   0.03043  0.004826  0.000562
     38/49      6.9G   0.03124  0.005478  0.001323   0.03805        72       640    0.8086    0.7224     0.809    0.4151   0.03133  0.004774 0.0004743
     39/49      6.9G   0.03122  0.005133  0.001368   0.03772        66       640    0.8043    0.7148    0.8005    0.4317   0.03087  0.004781   0.00054
     40/49      6.9G   0.03155  0.005334  0.001312   0.03819        63       640    0.7819    0.7778    0.8348    0.4462   0.03188  0.004646 0.0005768
     41/49      6.9G   0.03087  0.005129  0.001329   0.03733        69       640    0.7252    0.8856    0.8527    0.4704   0.03033  0.004606 0.0006216
     42/49      6.9G   0.03062  0.005298  0.001494   0.03741        53       640    0.8192    0.7937    0.8486    0.4634   0.03025  0.004623  0.000599
     43/49      6.9G   0.03024  0.005256  0.001594   0.03709        57       640    0.7741    0.8062    0.8037    0.4195    0.0311  0.004648 0.0005433
     44/49      6.9G   0.02903  0.005067  0.001302   0.03539        81       640    0.7787    0.8447    0.8386    0.4503   0.03086  0.004717 0.0004624
     45/49      6.9G   0.02908  0.005217   0.00168   0.03598        83       640    0.8371    0.7781    0.8569    0.4831   0.02892  0.004677 0.0005277
     46/49      6.9G   0.02946   0.00499  0.001268   0.03572        54       640    0.7844    0.7988    0.8333    0.4663   0.02853  0.004572 0.0004837
     47/49      6.9G   0.02928  0.004949  0.001673   0.03591        64       640    0.8454    0.7693    0.8673    0.4808   0.02931  0.004645 0.0005308
     48/49      6.9G   0.02837  0.004914  0.001075   0.03436        62       640    0.7446    0.8594    0.8712    0.4847   0.02975  0.004586 0.0005527
     49/49      6.9G   0.02922  0.004956  0.001153   0.03533        64       640    0.7549    0.8909    0.8848    0.4878   0.02911  0.004496 0.0005449
